ts,default broker,CrocodileAgent2020,COLDPOWER2021,VidyutVanika,IS3,TUC_TAC,Mertacor2021
360,57513,0,0,0,0,0,0,
361,57513,0,0,0,0,0,0,
362,34,15,0,0,0,57464,0,
368,4,325,0,0,30,7115,50039,
374,4,326,8135,0,30,27142,21876,
380,4,260,8238,0,30,31784,17197,
386,4,301,8300,0,30,36177,12701,
392,4,331,8501,0,30,38612,10035,
398,4,420,4806,0,2830,46514,2939,
404,4,628,5848,0,3523,43814,3696,
410,4,1318,6569,0,4016,42469,3137,
416,4,1380,6819,0,4053,42166,3091,
422,4,1320,3082,0,4423,44697,3987,
428,4,1246,3339,0,5056,41502,6366,
434,4,777,3754,0,6023,33712,13243,
440,4,1198,4207,0,6676,31553,13875,
446,4,1604,4595,0,6831,29913,14566,
452,4,1719,4649,0,6883,29359,14899,
458,4,2724,4941,0,6984,16640,26220,
464,4,4697,5210,0,7032,20979,19591,
470,4,6370,754,0,7056,25420,17909,
476,4,7245,529,0,7085,28767,13883,
482,4,8169,642,0,7085,29768,11845,
488,4,9273,662,0,7104,23619,16851,
494,4,10347,854,0,7104,25089,14115,
500,4,10850,1101,0,7109,27481,10968,
506,4,2219,1131,0,7109,33644,13406,
512,4,2241,1151,0,7119,31154,15844,
518,4,2552,442,0,7118,29069,18328,
524,4,2799,472,0,7119,27016,20103,
530,4,1604,588,0,7117,27196,21004,
536,4,2340,701,0,7117,26911,20440,
542,4,3195,699,0,7118,25928,20569,
548,4,4614,700,0,7116,25484,19595,
554,4,2631,727,0,7117,28899,18135,
560,4,7111,714,0,7117,21904,20663,
566,4,8433,769,0,7118,21442,19747,
572,4,10327,773,0,7114,20212,19083,
578,4,9029,812,0,7118,23749,16801,
584,4,14007,841,0,7121,22432,13108,
590,4,15007,841,0,7122,21936,12603,
596,4,16121,851,0,7121,21548,11868,
602,4,18593,882,0,7121,21058,9855,
608,4,19708,943,0,7122,20632,9104,
614,4,19958,764,0,7122,20081,9584,
620,4,20326,763,0,7122,20195,9103,
626,4,18388,764,0,7123,22128,9106,
632,4,17331,763,0,7123,23064,9228,
638,4,16003,764,0,5117,25165,10460,
644,4,14539,765,0,3779,28638,9788,
650,4,6491,785,0,2797,35632,11804,
656,4,13002,785,0,1769,27876,14077,
662,4,13987,731,0,1480,27199,14112,
668,4,15690,670,0,1224,28082,11843,
674,4,16821,550,0,929,28871,10338,
680,4,18600,519,0,803,28664,8923,
686,4,18805,2,0,2756,26549,9397,
692,4,18838,1,0,3964,25888,8818,
698,4,17771,1,0,5239,26536,7962,
704,4,14221,1,0,5647,27590,10050,
710,4,11136,0,0,6169,29193,11011,
716,4,9181,0,0,6351,29822,12155,
722,4,1402,0,0,6442,28875,20790,
728,4,1896,1,0,6624,26804,22184,
734,4,2308,1,0,6792,25571,22837,
740,4,3751,1,0,6841,24543,22373,
746,4,3339,1,0,6918,27826,19425,
752,4,5959,1,0,6932,26324,18293,
758,4,8105,0,0,6946,25765,16693,
764,4,8766,0,0,6960,25536,16247,
770,4,10375,0,0,6981,25561,14592,
776,4,12432,0,0,6995,25015,13067,
782,4,12720,0,0,7002,24860,12927,
788,4,13589,0,0,6948,24542,12430,
794,4,13352,0,0,6975,24684,12498,
800,4,12725,1,0,6955,24959,12869,
806,4,11914,0,0,7073,26160,12362,
812,4,11352,0,0,7080,26727,12350,
818,4,9550,0,0,7087,28705,12167,
824,4,9125,0,0,7101,28335,12948,
830,4,8206,0,0,7101,28547,13655,
836,4,6512,0,0,7106,29860,14031,
842,4,5317,0,0,7113,25766,19313,
848,4,4852,0,0,7120,25760,19777,
854,4,4275,1,0,7120,25518,20595,
860,4,3918,1,0,7120,25380,21090,
866,4,4049,0,0,7120,38784,7556,
872,4,5895,0,0,7120,32359,12135,
878,4,6662,0,0,7121,30424,13302,
884,4,7264,0,0,7121,29582,13542,
890,4,7530,0,0,7120,29276,13583,
896,4,8865,0,0,7120,27723,13801,
902,4,9901,1,0,7121,27092,13394,
908,4,13377,1,0,7120,24946,12065,
914,4,16350,1,0,7122,22511,11525,
920,4,20905,1,0,7122,19737,9744,
926,4,21261,1,0,7122,19585,9540,
932,4,22791,1,0,7121,19033,8563,
938,4,17439,0,0,7120,23683,9267,
944,4,20622,0,0,7122,21622,8143,
950,4,23172,0,0,7121,20078,7138,
956,4,24671,1,0,7121,19193,6523,
962,4,25510,0,0,7122,18424,6453,
968,4,26601,0,0,7121,17906,5881,
974,4,27622,0,0,7120,17412,5355,
980,4,29013,0,0,7120,16358,5018,
986,4,27592,0,0,7120,17368,5429,
992,4,26232,44,0,7120,18429,5684,
998,4,22722,0,0,7120,20708,6959,
1004,4,21744,30,0,7120,21504,7111,
1010,4,4723,30,0,7120,34706,10930,
1016,4,6738,31,0,7120,29435,14185,
1022,4,7806,1,0,7120,28875,13707,
1028,4,8426,2,0,7079,28353,13649,
1034,4,9381,95,0,7046,38425,2562,
1040,4,12207,96,0,7041,33276,4889,
1046,4,16504,384,0,7071,26494,7056,
1052,4,17845,632,0,7071,25389,6572,
1058,4,18665,664,0,7078,24801,6301,
1064,4,18954,694,0,7078,25136,5647,
1070,4,20106,592,0,7085,24409,5317,
1076,4,20235,675,0,7092,25377,4130,
1082,4,20197,818,0,7092,26222,3180,
1088,4,19718,880,0,7106,26888,2917,
1094,4,19614,1096,0,7113,27142,2544,
1100,4,18574,1216,0,7113,28561,2045,
1106,4,17039,1348,0,7113,30149,1860,
1112,4,17515,1772,0,7113,29399,1710,
1118,4,14136,2158,0,7013,32539,1663,
1124,6,12607,2475,0,7018,33867,1540,
1130,7,10271,2702,0,7021,36130,1382,
1136,6,8409,3345,0,7061,37245,1447,
1142,4,7465,1967,0,7016,39783,1278,
1148,4,9725,2232,0,7007,36936,1609,
1154,4,3205,2537,0,7055,42801,1911,
1160,4,4563,2824,0,7065,41515,1542,
1166,4,5617,2942,0,4741,42432,1777,
1172,4,6289,3086,0,2981,43571,1582,
1178,4,6698,3278,0,2667,43368,1498,
1184,4,7769,3521,0,1870,42491,1858,
1190,4,8276,1155,0,2664,43506,1908,
1196,4,11503,1228,0,4805,37586,2387,
1202,4,13218,1364,0,5107,35004,2816,
1208,4,14119,1457,0,5767,32545,3621,
1214,4,14352,388,0,4854,33675,4240,
1220,4,18779,467,0,3225,29084,5954,
1226,4,19641,472,0,2033,29289,6074,
1232,4,20772,602,0,1621,28945,5569,
1238,4,22765,46,0,3143,26043,5512,
1244,4,25643,45,0,4356,22638,4827,
1250,4,26280,45,0,5172,21562,4450,
1256,4,28055,65,0,5776,20139,3474,
1262,4,28780,137,0,6155,19569,2868,
1268,4,29742,148,0,6250,18630,2739,
1274,4,29719,179,0,6406,18625,2580,
1280,4,29760,169,0,6112,19092,2376,
1286,4,26712,251,0,4425,23651,2470,
1292,4,24667,398,0,3867,25740,2837,
1298,4,9382,1065,0,3299,38763,5000,
1304,4,10643,1192,0,3236,37924,4514,
1310,4,11521,1317,0,4645,35987,4039,
1316,4,11984,1447,0,5054,35075,3949,
1322,4,13021,1620,0,5883,33510,3475,
1328,4,14001,1739,0,6021,32200,3548,
1334,4,15030,734,0,4552,33749,3444,
1340,4,17151,835,0,3044,31920,4559,
1346,4,15951,869,0,2209,32875,5605,
1352,4,15050,1107,0,1775,33772,5805,
1358,4,13219,1576,0,1310,35684,5720,
1364,4,12492,2005,0,2876,34947,5189,
1370,4,1904,2890,0,3755,43835,5125,
1376,4,2221,3157,0,3816,42840,5475,
1382,4,2752,3412,0,4048,41735,5562,
1388,4,4493,3718,0,4577,38819,5902,
1394,4,2792,4148,0,5022,38819,6728,
1400,4,4327,4575,0,5740,35814,7053,
1406,4,6257,2304,0,3165,38048,7735,
1412,4,14789,2550,0,2331,28982,8857,
1418,4,17929,2578,0,1738,26600,8664,
1424,4,20555,2657,0,1204,24800,8293,
1430,4,23245,2593,0,901,23799,6971,
1436,4,24696,2657,0,644,23239,6273,
1442,4,16594,2736,0,523,29746,7910,
1448,4,19176,2823,0,474,28006,7030,
1454,4,21778,519,0,511,27907,6794,
1460,4,23727,535,0,569,26522,6156,
1466,4,24672,505,0,569,25530,6233,
1472,4,25490,535,0,461,25485,5538,
1478,4,26229,134,0,7057,18386,5703,
1484,4,27171,135,0,7040,18273,4890,
1490,4,24058,154,0,7024,20540,5733,
1496,4,21082,324,0,7014,22236,6853,
1502,4,16398,345,0,7020,26584,7162,
1508,4,14041,386,0,7020,28506,7556,
1514,4,3276,426,0,7023,36298,10486,
1520,4,4773,820,0,7023,30326,14567,
1526,4,5266,832,0,7030,29768,14613,
1532,4,6156,991,0,7030,28866,14466,
1538,4,7101,1270,0,7030,29420,12688,
1544,4,7561,1509,0,7030,27997,13412,
1550,4,8457,1782,0,7016,25750,14504,
1556,4,10112,2048,0,7016,25628,12705,
1562,4,9989,2025,0,7000,26050,12445,
1568,4,10690,2208,0,6986,25457,12168,
1574,4,11584,2353,0,7007,24383,12182,
1580,4,13610,2486,0,7021,22827,11565,
1586,4,14101,2618,0,7028,21435,12327,
1592,4,15453,2777,0,7028,21221,11030,
1598,4,16331,2915,0,7028,21281,9954,
1604,4,18414,3171,0,7028,19373,9523,
1610,4,18273,3264,0,7028,19130,9814,
1616,4,17930,3429,0,7028,19793,9329,
1622,4,17189,3163,0,7028,21238,8891,
1628,4,15356,3490,0,7014,21846,9803,
1634,4,12117,3763,0,7000,23706,10923,
1640,4,11066,4000,0,6972,24803,10668,
1646,4,9806,3515,0,6191,26952,11045,
1652,4,8336,3818,0,6574,29019,9762,
1658,4,6373,4031,0,6712,29938,10455,
1664,4,5174,4480,0,6867,31696,9292,
1670,4,4678,1735,0,6196,36076,8824,
1676,4,4641,2174,0,4832,34347,11515,
1682,4,3548,2375,0,3290,36885,11411,
1688,4,3249,2526,0,2223,38662,10849,
1694,4,3217,2218,0,1374,39509,11191,
1700,4,2652,2389,0,1163,41777,9528,
1706,4,2681,2747,0,912,46266,4903,
1712,4,2687,2818,0,745,45852,5407,
1718,4,2495,2935,0,548,45679,5852,
